Pressure	Volume
11.101281	121.379341
11.464375	121.269348
11.828603	121.158875
12.193949	121.047935
12.560390	120.936531
12.927915	120.824677
13.296515	120.712341
13.666228	120.599556
14.036961	120.486298
14.408744	120.372551
14.781613	120.258385
15.155437	120.143730
15.530329	120.028587
15.906214	119.912987
16.283096	119.796913
16.660948	119.680389
17.039776	119.563362
17.419559	119.445900
17.800322	119.327980
18.181993	119.209557
18.564610	119.090706
18.948149	118.971375
19.332609	118.851570
19.717978	118.731300
20.104237	118.610596
20.491379	118.489418
20.879377	118.367805
21.318106	118.191109
21.844576	117.919518
22.373146	117.647224
22.903868	117.374306
23.436716	117.100716
23.971682	116.826500
24.508736	116.551643
25.047981	116.276161
25.589262	116.000084
26.132729	115.723358
26.678274	115.446068
27.225885	115.168175
27.775648	114.889732
28.327503	114.610680
28.881430	114.331154
29.437429	114.051048
29.995533	113.770470
30.555685	113.489357
31.117861	113.207771
31.682138	112.925728
32.248394	112.643219
32.816761	112.360283
33.387115	112.076927
33.959484	111.793152
34.533882	111.508980
35.110245	111.224449
35.688580	110.939537
36.266853	110.656219
36.846306	110.373268
37.427677	110.089989
38.010960	109.806389
38.596092	109.522514
39.183094	109.238342
39.771935	108.953880
40.362602	108.669159
40.955078	108.384163
41.549355	108.098930
42.145374	107.813446
42.743111	107.527702
43.342594	107.241722
43.943745	106.955505
44.546566	106.669029
45.150978	106.382332
45.756981	106.095390
46.364559	105.808197
46.973625	105.520752
47.584171	105.233070
48.196114	104.945107
48.809422	104.656883
49.424084	104.368378
50.039993	104.079590
50.657146	103.790497
51.275383	103.501099
51.893913	103.212067
52.505711	102.929138
53.118427	102.645874
53.731934	102.362236
54.346188	102.078224
54.961113	101.793816
55.576591	101.508995
56.192596	101.223732
56.808994	100.938011
57.425724	100.651817
58.042633	100.365135
58.659698	100.077950
59.276798	99.790222
59.893780	99.501984
60.510609	99.213165
61.127132	98.923775
61.743214	98.633812
62.358837	98.343224
62.973801	98.052032
63.588055	97.760231
64.201416	97.467812
64.813759	97.174767
65.425018	96.881081
66.035057	96.586769
66.643715	96.291847
67.250839	95.996307
67.856422	95.700165
68.453896	95.408875
69.042374	95.123207
69.628929	94.837029
70.213379	94.550354
70.795654	94.263214
71.375603	93.975609
71.953033	93.687584
72.527863	93.399178
73.099823	93.110390
73.668831	92.821312
74.234711	92.531929
74.797218	92.242302
75.356163	91.952484
75.911369	91.662506
76.462616	91.372406
77.009674	91.082237
77.552254	90.792053
78.090073	90.501923
78.623009	90.211876
79.150558	89.921967
79.672485	89.632271
80.188484	89.342827
80.698189	89.053703
81.201195	88.764954
81.697205	88.476662
82.185692	88.188896
82.666260	87.901703
83.128326	87.627983
83.580223	87.357491
84.023766	87.087715
84.458527	86.818733
84.883949	86.550621
85.299667	86.283447
85.705124	86.017265
86.099762	85.752197
86.483147	85.488281
86.854713	85.225624
87.213951	84.964325
87.560249	84.704437
87.892982	84.446068
88.211700	84.189308
88.515694	83.934273
88.804451	83.681015
89.077339	83.429665
89.333755	83.180298
89.573151	82.933037
89.794861	82.687981
89.998413	82.445183
90.183044	82.204796
90.348434	81.966881
90.493866	81.731544
90.618896	81.498886
90.722931	81.268974
90.807556	81.044952
90.879913	80.835869
90.932793	80.629379
90.965866	80.425568
90.978775	80.224449
90.971275	80.026100
90.943138	79.830551
90.894058	79.637856
90.823860	79.448036
90.732246	79.261131
90.619209	79.077171
90.484489	78.896164
90.327995	78.718140
90.149582	78.543098
89.949150	78.371086
89.726662	78.202080
89.482071	78.036079
89.215263	77.873116
88.926254	77.713142
88.614975	77.556198
88.281441	77.402252
87.925652	77.251289
87.547569	77.103325
87.147224	76.958321
86.724663	76.816269
86.279823	76.677177
85.812737	76.540993
85.356789	76.413811
84.906883	76.293808
84.438393	76.176186
83.951355	76.060913
83.445808	75.947990
82.921738	75.837395
82.379211	75.729088
81.818291	75.623077
81.238953	75.519318
80.641296	75.417793
80.025307	75.318481
79.391136	75.221352
78.738747	75.126404
78.068214	75.033577
77.379692	74.942863
76.673180	74.854218
75.948769	74.767632
75.206619	74.683052
74.446815	74.600471
73.669518	74.519844
72.874847	74.441139
72.062996	74.364326
71.234100	74.289352
70.388367	74.216209
69.526054	74.144859
68.647369	74.075249
67.752502	74.007347
66.948021	73.946358
66.138535	73.887039
65.316856	73.828979
64.483177	73.772179
63.637768	73.716576
62.780861	73.662178
61.912750	73.608940
61.033649	73.556839
60.143845	73.505859
59.243645	73.455986
58.333313	73.407173
57.413132	73.359413
56.483410	73.312683
55.544464	73.266968
54.596531	73.222221
53.639977	73.178459
52.675098	73.135635
51.702175	73.093735
50.721531	73.052742
49.733467	73.012642
48.738289	72.973412
47.736301	72.935036
46.727856	72.897469
45.713188	72.860748
44.692646	72.824806
43.666519	72.789673
42.678940	72.755974
41.789333	72.724503
40.896198	72.693588
39.999619	72.663223
39.099937	72.633385
38.197227	72.604073
37.291763	72.575279
36.383705	72.546997
35.473331	72.519218
34.560799	72.491920
33.646294	72.465126
32.730080	72.438805
31.812311	72.412956
30.893263	72.387573
29.973066	72.362648
29.052023	72.338173
28.130314	72.314156
27.208225	72.290581
26.285898	72.267448
25.363655	72.244743
24.441645	72.222481
23.520260	72.200630
22.599569	72.179207
21.679989	72.158211
20.761700	72.137634
19.844988	72.117485
18.930157	72.097740
18.116512	72.078590
17.354242	72.059853
16.593710	72.041397
15.835188	72.023232
15.078807	72.005363
14.324754	71.987770
13.573224	71.970474
12.824377	71.953453
12.078433	71.936722
11.335559	71.920280
10.595926	71.904121
9.859774	71.888252
9.127288	71.872665
8.398594	71.857368
7.674018	71.842354
6.953655	71.827637
6.237752	71.813187
5.526499	71.799042
4.820127	71.785179
4.118759	71.771599
3.422693	71.758308
2.732074	71.745323
2.047111	71.732613
1.367993	71.720207
0.694922	71.708076
0.028104	71.696243
-0.407888	78.327713
-0.407189	78.358101
-0.406343	78.388840
-0.405350	78.419914
-0.404209	78.451347
-0.402918	78.483124
-0.401468	78.515259
-0.399874	78.547752
-0.398129	78.580605
-0.396232	78.613823
-0.394185	78.647408
-0.391970	78.681358
-0.389610	78.715698
-0.387087	78.750389
-0.384412	78.785484
-0.381584	78.820946
-0.378587	78.856796
-0.375438	78.893028
-0.372128	78.929657
-0.368652	78.966682
-0.365012	79.004112
-0.361210	79.041931
-0.357247	79.080154
-0.353122	79.118782
-0.348827	79.157829
-0.344364	79.197281
-0.339733	79.237152
-0.335074	79.276695
-0.330463	79.315552
-0.325671	79.354851
-0.320704	79.394615
-0.315557	79.434822
-0.310236	79.475494
-0.304729	79.516617
-0.299051	79.558220
-0.293186	79.600273
-0.287147	79.642815
-0.280917	79.685806
-0.274501	79.729286
-0.267910	79.773254
-0.261123	79.817696
-0.254148	79.862617
-0.247001	79.908043
-0.239653	79.953957
-0.232112	80.000359
-0.224386	80.047249
-0.216467	80.094643
-0.208361	80.142555
-0.200054	80.190956
-0.191559	80.239876
-0.182862	80.289299
-0.173969	80.339241
-0.164884	80.389702
-0.155598	80.440681
-0.146303	80.491188
-0.136850	80.541946
-0.127206	80.593254
-0.117353	80.645111
-0.107292	80.697525
-0.097018	80.750496
-0.086549	80.804031
-0.075855	80.858124
-0.064965	80.912773
-0.053858	80.967995
-0.042540	81.023781
-0.031015	81.080147
-0.019279	81.137077
-0.007325	81.194565
0.004842	81.252647
0.017215	81.311302
0.029811	81.370537
0.042607	81.430344
0.055626	81.490730
0.068857	81.551689
0.082292	81.613243
0.095955	81.675385
0.109828	81.738106
0.123912	81.801407
0.138213	81.865303
0.152733	81.929779
0.167434	81.994743
0.182257	82.059692
0.197293	82.125267
0.212544	82.191429
0.228007	82.258202
0.243701	82.325584
0.259598	82.393562
0.275716	82.462151
0.292038	82.531349
0.308592	82.601135
0.325353	82.671539
0.342319	82.742538
0.359496	82.814148
0.376897	82.886353
0.394491	82.959145
0.412304	83.032555
0.430319	83.106544
0.448545	83.181145
0.466973	83.256317
0.485606	83.332100
0.504436	83.408455
0.523474	83.485413
0.542707	83.562950
0.562150	83.641060
0.581771	83.719757
0.601600	83.799034
0.621618	83.878876
0.641813	83.959167
0.662181	84.039902
0.682734	84.121201
0.703482	84.203087
0.724421	84.285530
0.745533	84.368546
0.766838	84.452110
0.788324	84.536240
0.809982	84.620918
0.831825	84.706154
0.853840	84.791924
0.876035	84.878242
0.898394	84.965096
0.920922	85.052483
0.943621	85.140396
0.966479	85.228828
0.989505	85.317780
1.012696	85.407257
1.036042	85.497231
1.059538	85.587708
1.083194	85.678680
1.107000	85.770164
1.130959	85.862122
1.155063	85.954559
1.179309	86.047478
1.203699	86.140869
1.228229	86.234718
1.252900	86.328987
1.277709	86.423737
1.302645	86.518913
1.327722	86.614532
1.352916	86.710594
1.378256	86.807076
1.403709	86.904015
1.429281	87.001350
1.454992	87.099098
1.480807	87.197273
1.506746	87.295837
1.532800	87.394798
1.558962	87.494148
1.585235	87.593895
1.611619	87.693993
1.638110	87.794472
1.664709	87.895317
1.691402	87.996513
1.718200	88.098053
1.745092	88.199951
1.772094	88.302185
1.799184	88.404747
1.826364	88.507629
1.853631	88.610840
1.880990	88.714348
1.908435	88.818169
1.935976	88.922302
1.963589	89.026733
1.991290	89.131447
2.019066	89.236450
2.046912	89.341713
2.074847	89.447243
2.102855	89.553040
2.130935	89.659088
2.159070	89.765358
2.187304	89.871887
2.215585	89.978638
2.243937	90.085632
2.272352	90.192841
2.300838	90.300255
2.329381	90.407860
2.357984	90.515686
2.386651	90.623711
2.415361	90.731903
2.444136	90.840294
2.472972	90.948860
2.501853	91.057587
2.530778	91.166481
2.559764	91.275536
2.588793	91.384735
2.617879	91.494080
2.646999	91.603569
2.676162	91.713196
2.705373	91.822975
2.734626	91.932892
2.763916	92.042931
2.793244	92.153076
2.822621	92.263306
2.852019	92.373665
2.881470	92.484108
2.910943	92.594635
2.940442	92.705238
2.969989	92.815941
2.999562	92.926697
3.029162	93.037529
3.058796	93.148415
3.088445	93.259377
3.118131	93.370369
3.147835	93.481422
3.177582	93.592522
3.207323	93.703651
3.237098	93.814812
3.266892	93.926003
3.296711	94.037224
3.326547	94.148460
3.356389	94.259705
3.386250	94.370972
3.416138	94.482239
3.446033	94.593498
3.475940	94.704773
3.505859	94.816063
3.535797	94.927338
3.565735	95.038605
3.595685	95.149841
3.625644	95.261070
3.655604	95.372246
3.685588	95.483406
3.715564	95.594521
3.745547	95.705597
3.775524	95.816628
3.805511	95.927612
3.835500	96.038551
3.865481	96.149437
3.895468	96.260254
3.925457	96.371010
3.955442	96.481697
3.985418	96.592339
4.015380	96.702881
4.045357	96.813362
4.075318	96.923767
4.105278	97.034081
4.135213	97.144310
4.165155	97.254463
4.195084	97.364502
4.224993	97.474464
4.254903	97.584351
4.284801	97.694130
4.314684	97.803772
4.344554	97.913338
4.374413	98.022789
4.404259	98.132118
4.434089	98.241333
4.463895	98.350433
4.493691	98.459412
4.523471	98.568260
4.553215	98.676994
4.582951	98.785591
4.612660	98.894051
4.642365	99.002388
4.672029	99.110588
4.701670	99.218651
4.731287	99.326576
4.760888	99.434349
4.790457	99.541985
4.820008	99.649475
4.849524	99.756813
4.879004	99.863991
4.908474	99.971031
4.937905	100.077919
4.967319	100.184639
4.996686	100.291199
5.026024	100.397606
5.055340	100.503868
5.084626	100.609917
5.113885	100.715782
5.143128	100.821472
5.172307	100.927002
5.201466	101.032356
5.230604	101.137535
5.259689	101.242523
5.288753	101.347343
5.317759	101.451988
5.346750	101.556435
5.375696	101.660706
5.404606	101.764809
5.433475	101.868690
5.462305	101.972412
5.491096	102.075935
5.519853	102.179283
5.548565	102.282410
5.577236	102.385376
5.605860	102.488121
5.634452	102.590698
5.663001	102.693054
5.691505	102.795235
5.719974	102.897209
5.748398	102.998985
5.776769	103.100563
5.805104	103.201927
5.833395	103.303101
5.861666	103.403969
5.889872	103.504646
5.918051	103.605103
5.946187	103.705353
5.974252	103.805389
6.002306	103.905220
6.030286	104.004845
6.058243	104.104248
6.086150	104.203430
6.114000	104.302406
6.141808	104.401176
6.169569	104.499733
6.197278	104.598061
6.224956	104.696175
6.252567	104.794075
6.280149	104.891777
6.307670	104.989235
6.335154	105.086510
6.362581	105.183540
6.389977	105.280357
6.417305	105.376953
6.444598	105.473335
6.471833	105.569496
6.499021	105.665443
6.526174	105.761192
6.553275	105.856682
6.580327	105.951912
6.607337	106.046852
6.634295	106.141563
6.661209	106.236046
6.688083	106.330315
6.714906	106.424370
6.741669	106.518166
6.768405	106.611778
6.795073	106.705139
6.821712	106.798279
6.848297	106.891205
6.874825	106.983910
6.901323	107.076385
6.927752	107.168648
6.954148	107.260674
6.980491	107.352486
7.006786	107.444069
7.033043	107.535439
7.059251	107.626587
7.085408	107.717506
7.111517	107.808228
7.137573	107.898705
7.163595	107.988976
7.189559	108.079010
7.215490	108.168831
7.241370	108.258446
7.267201	108.347839
7.293003	108.436913
7.318749	108.525703
7.344465	108.614296
7.370128	108.702667
7.395750	108.790825
7.421311	108.878754
7.446856	108.966469
7.472342	109.053978
7.497781	109.141243
7.523181	109.228302
7.548552	109.315163
7.573863	109.401802
7.599137	109.488220
7.624372	109.574440
7.649560	109.660431
7.674700	109.746239
7.699816	109.831810
7.724870	109.917175
7.749887	110.002342
7.774894	110.087288
7.799830	110.172028
7.824728	110.256561
7.849579	110.340889
7.874419	110.425018
7.899199	110.508949
7.923939	110.592674
7.948650	110.676170
7.973332	110.759361
7.997969	110.842339
8.022580	110.925117
8.047140	111.007698
8.071666	111.090088
8.096168	111.172279
8.120612	111.254265
8.145041	111.336060
8.169432	111.417633
8.193778	111.499031
8.218091	111.580254
8.242373	111.661247
8.266631	111.742065
8.290840	111.822693
8.315019	111.903130
8.339170	111.983391
8.363276	112.063446
8.387358	112.143303
8.411408	112.222992
8.435439	112.302490
8.459428	112.381805
8.483384	112.460938
8.507305	112.539894
8.531199	112.618652
8.555079	112.697258
8.578892	112.775673
8.602718	112.853844
8.626506	112.931824
8.650246	113.009621
8.673988	113.087227
8.697683	113.164673
8.721349	113.241951
8.744998	113.319038
8.768620	113.395973
8.792196	113.472717
8.815767	113.549316
8.839308	113.625732
8.862821	113.701965
8.886317	113.778046
8.909776	113.853966
8.933217	113.929718
8.956625	114.005310
8.980018	114.080742
9.003390	114.156013
9.026716	114.231117
9.050035	114.306053
9.073338	114.380836
9.096616	114.455467
9.119873	114.529938
9.143106	114.604286
9.166298	114.678429
9.189494	114.752449
9.212677	114.826294
9.235820	114.899994
9.258949	114.973518
9.282047	115.046913
9.305136	115.120171
9.328227	115.193260
9.351259	115.266212
9.374290	115.339027
9.397305	115.411682
9.420291	115.484192
9.443275	115.556572
9.466229	115.628792
9.489173	115.700890
9.512094	115.772850
9.534992	115.844673
9.557899	115.916359
9.580759	115.987892
9.603630	116.059319
9.626471	116.130577
9.649285	116.201744
9.672096	116.272743
9.694886	116.343628
9.717679	116.414345
9.740436	116.484978
9.763185	116.555481
9.785908	116.625832
9.808652	116.696075
9.831335	116.766205
9.854050	116.836243
9.876708	116.906158
9.899375	116.975952
9.922031	117.045631
9.944669	117.115196
9.967282	117.184608
9.989892	117.253929
10.012501	117.323120
10.035094	117.392204
10.057673	117.461174
10.080225	117.529999
10.102768	117.598747
10.125316	117.667381
10.147841	117.735870
10.170358	117.804268
10.192880	117.872559
10.215359	117.940712
10.237852	118.008797
10.260335	118.076752
10.282792	118.144592
10.305256	118.212341
10.327697	118.279968
10.350139	118.347504
10.372571	118.414925
10.394976	118.482246
10.417393	118.549469
10.439946	118.614746
10.462584	118.678864
10.485225	118.742851
10.507841	118.806694
10.530487	118.870430
10.553099	118.934044
10.575705	118.997528
10.598310	119.060875
10.620918	119.124123
10.643510	119.187225
10.666103	119.250244
10.688688	119.313110
10.711295	119.375885
10.733843	119.438530
10.756432	119.501076
10.778980	119.563477
10.801566	119.625786
10.824123	119.687988
10.846671	119.750061
10.869226	119.812035
10.891772	119.873871
10.914309	119.935631
10.936833	119.997253
10.959384	120.058777
10.981898	120.120201
11.004435	120.181519
11.101281	121.379341
